0.09287981859410431
0.5804988662131519
1.0681179138321995
1.5325170068027212
1.9969160997732427
2.647074829931973
3.111473922902494
3.5526530612244898
4.017052154195011
4.527891156462585
5.131609977324263
5.61922902494331
6.0836281179138325
6.548027210884354
7.035646258503402
7.685804988662132
8.150204081632653
8.6378231292517
9.102222222222222
9.58984126984127
10.216780045351474
10.797278911564625
12.097596371882085
12.561995464852608
12.72453514739229
13.02639455782313
14.02485260770975
15.09297052154195
15.255510204081633
15.81278911564626
16.207528344671204
16.671927437641724
16.834467120181404
17.066666666666666
17.600725623582765
17.786485260770974
18.413424036281178
18.692063492063493
19.365442176870747
19.690521541950112
20.340680272108845
20.805079365079365
21.24625850340136
22.68589569160998
22.894875283446712
23.103854875283446
23.2431746031746
24.752471655328797
25.727709750566895
25.959909297052153
26.51718820861678
26.679727891156464
27.260226757369615
27.77106575963719
27.910385487528345
28.374784580498865
28.88562358276644
30.441360544217687
30.905759637188208
31.045079365079363
31.37015873015873
31.648798185941043
32.02031746031746
32.3221768707483
32.949115646258505
33.436734693877554
33.57605442176871
34.17977324263038
34.853151927437644
35.48009070294785
35.9677097505669
36.10702947845805
36.432108843537414
36.73396825396826
37.05904761904762
37.36090702947846
37.964625850340134
38.49868480725623
38.638004535147395
38.963083900226756
39.2649433106576
39.450702947845805
39.59002267573696
40.379501133786846
41.00643990929705
41.16897959183674
41.470839002267574
41.795918367346935
42.120997732426304
42.42285714285714
42.91047619047619
43.049795918367344
43.53741496598639
43.699954648526074
44.00181405895692
44.62875283446712
44.95383219954648
45.255691609977326
46.04517006802721
46.20770975056689
46.53278911564626
46.78820861678005
47.18294784580499
47.4615873015873
47.94920634920635
48.11174603174603
48.576145124716554
48.738684807256234
49.0637641723356
49.388843537414964
50.01578231292517
50.31764172335601
50.48018140589569
50.64272108843537
50.944580498866216
51.1071201814059
51.26965986394558
51.57151927437642
51.89659863945578
52.22167800453515
52.523537414965986
52.848616780045354
53.15047619047619
53.47555555555556
53.80063492063492
54.427573696145124
54.75265306122449
55.05451247165533
55.3795918367347
55.70467120181406
56.16907029478458
56.33160997732426
56.6334693877551
56.79600907029479
56.95854875283447
57.42294784580499
57.74802721088435
58.049886621315196
58.862585034013605
59.07156462585034
60.09324263038549
60.720181405895694
61.11492063492064
61.37034013605442
61.99727891156463
62.39201814058957
62.64743764172336
63.25115646258504
63.80843537414966
64.2960544217687
64.43537414965986
64.92299319727891
65.15519274376418
65.7124716553288
65.85179138321996
66.17687074829932
66.43229024943311
67.03600907029478
67.43074829931973
67.68616780045352
68.31310657596372
68.87038548752834
69.33478458049886
69.49732426303855
69.75274376417234
70.21714285714286
70.37968253968253
70.54222222222222
70.70476190476191
70.84408163265306
71.23882086167801
71.47102040816327
72.09795918367347
72.49269841269842
72.7481179138322
73.35183673469388
73.9091156462585
74.39673469387755
74.53605442176871
75.02367346938776
75.27909297052155
75.81315192743764
75.9524716553288
76.27755102040817
76.53297052154196
77.13668934240363
77.5546485260771
77.78684807256236
78.41378684807256
78.97106575963718
79.43546485260771
79.5980045351474
80.08562358276644
80.3178231292517
80.9447619047619
81.59492063492064
82.52371882086167
82.84879818594105
83.47573696145125
83.98657596371882
84.7760544217687
85.35655328798185
85.82095238095238
85.98349206349206
86.35501133786848
86.63365079365079
86.93551020408164
87.42312925170069
87.63210884353741
87.84108843537415
88.35192743764172
88.53768707482993
89.16462585034013
89.69868480725624
90.41850340136054
91.37052154195011
91.67238095238095
91.99746031746032
92.71727891156462
92.94947845804988
93.59963718820862
93.9479365079365
94.20335600907029
94.55165532879819
95.48045351473922
95.94485260770975
96.13061224489796
96.50213151927437
96.73433106575963
97.98820861678004
98.38294784580499
98.61514739229025
99.26530612244898
100.42630385487529
101.00680272108843
101.16934240362812
101.63374149659865
101.79628117913832
102.1213605442177
102.42321995464853
102.74829931972789
103.05015873015873
103.67709750566894
104.16471655328799
104.32725623582766
104.93097505668935
105.11673469387755
105.58113378684807
105.90621315192743
106.20807256235828
106.69569160997733
106.83501133786848
107.16009070294784
107.46195011337869
107.81024943310658
108.08888888888889
108.59972789115646
109.22666666666667
109.36598639455782
109.69106575963718
110.01614512471656
110.20190476190476
110.34122448979592
110.64308390022676
111.10748299319728
111.27002267573697
111.73442176870748
111.89696145124717
112.198820861678
112.52390022675738
112.84897959183674
113.15083900226757
113.63845804988662
113.80099773242631
114.26539682539682
114.42793650793651
114.75301587301587
115.0548752834467
115.21741496598639
115.37995464852608
115.68181405895692
116.00689342403628
116.79637188208616
116.93569160997733
117.26077097505669
117.539410430839
117.91092970521542
118.21278911564626
118.67718820861678
118.83972789115646
119.3273469387755
119.4898866213152
120.11682539682539
120.7437641723356
121.69578231292518
121.85832199546485
121.99764172335601
122.32272108843537
122.62458049886621
122.94965986394558
123.25151927437642
123.57659863945578
123.90167800453514
124.22675736961452
124.52861678004535
124.85369614512472
125.15555555555555
125.48063492063493
125.78249433106576
126.10757369614512
126.43265306122449
126.59519274376417
126.89705215419501
127.0595918367347
127.22213151927437
127.38467120181406
127.54721088435375
127.6865306122449
127.84907029478458
128.17414965986396
128.4760090702948
128.63854875283448
128.80108843537414
129.8227664399093
130.82122448979592
131.47138321995465
131.86612244897958
132.09832199546486
132.72526077097507
133.12
133.3754195011338
133.86303854875283
134.002358276644
134.5364172335601
135.02403628117915
135.1865759637188
135.65097505668933
135.90639455782312
136.44045351473923
136.60299319727892
136.90485260770976
137.16027210884354
137.78721088435375
138.1819501133787
138.43736961451248
138.9249886621315
139.13396825396825
139.59836734693877
140.08598639455784
140.22530612244898
140.48072562358277
140.9451247165533
141.27020408163264
141.43274376417233
141.57206349206348
141.96680272108844
142.22222222222223
142.8259410430839
143.22068027210884
143.47609977324262
144.10303854875283
144.66031746031746
145.12471655328798
145.28725623582767
145.7516553287982
146.00707482993198
146.54113378684806
146.70367346938775
147.02875283446713
147.26095238095238
147.8878911564626
148.28263038548752
148.5380498866213
149.02566893424037
149.16498866213152
149.69904761904763
150.18666666666667
150.34920634920636
150.81360544217688
151.04580498866213
151.5334240362812
151.69596371882085
153.6
154.20371882086167
154.80743764172337
155.08607709750567
156.13097505668935
157.64027210884353
158.36009070294784
158.68517006802722
159.24244897959184
160.75174603174602
161.1697052154195
161.7966439909297
162.44680272108843
163.53814058956917
164.39727891156463
164.86167800453515
165.51183673469387
166.83537414965986
167.53197278911566
167.7641723356009
168.15891156462584
168.6697505668934
169.2734693877551
171.73478458049885
171.89732426303854
172.3849433106576
172.52426303854875
172.84934240362813
173.15120181405896
173.8013605442177
174.4282993197279
175.05523809523808
175.65895691609978
176.33233560090702
176.93605442176872
177.42367346938775
177.58621315192744
177.9112925170068
178.1899319727891
178.538231292517
178.84009070294783
179.44380952380953
179.9546485260771
180.11718820861677
180.44226757369614
180.74412698412698
181.06920634920635
181.3710657596372
181.85868480725622
181.9980045351474
182.32308390022675
182.48562358276644
182.62494331065759
182.95002267573696
183.27510204081634
183.57696145124717
183.90204081632652
184.2271201814059
184.38965986394558
184.52897959183673
184.8540589569161
185.0165986394558
185.15591836734694
185.48099773242632
185.80607709750566
186.1079365079365
186.43301587301588
186.7348752834467
187.0599546485261
187.38503401360543
187.5243537414966
187.66367346938776
187.9887528344671
188.26739229024943
188.63891156462586
188.9407709750567
189.42839002267573
189.5677097505669
189.9160090702948
190.05532879818594
190.21786848072563
190.542947845805
190.84480725623584
191.1698866213152
191.47174603174602
191.7968253968254
192.12190476190477
192.4237641723356
192.5863038548753
192.74884353741496
193.0507029478458
193.37578231292517
193.70086167800454
194.00272108843538
194.32780045351473
194.6296598639456
194.95473922902494
195.2798185941043
195.58167800453515
195.90675736961452
196.20861678004536
196.5336961451247
196.85877551020408
197.16063492063492
197.3231746031746
197.4857142857143
197.64825396825398
197.78757369614513
197.95011337868482
198.11265306122448
198.27519274376417
198.43773242630385
198.60027210884354
198.7395918367347
198.90213151927438
199.22721088435375
199.5290702947846
200.31854875283446
200.55074829931974
201.52598639455783
202.06004535147392
202.19936507936507
202.84952380952382
203.4532426303855
204.1034013605442
204.73034013605442
205.28761904761905
205.7752380952381
205.91455782312926
206.37895691609978
206.63437641723357
207.16843537414965
207.33097505668934
207.88825396825396
208.51519274376417
209.1653514739229
209.76907029478457
210.3263492063492
210.81396825396826
210.97650793650794
211.44090702947847
211.69632653061225
211.85886621315194
211.9981859410431
212.16072562358278
212.30004535147393
212.95020408163265
213.57714285714286
214.20408163265307
214.83102040816325
215.38829931972788
215.87591836734694
216.0152380952381
216.50285714285715
216.7350566893424
217.29233560090702
217.43165532879817
217.98893424036282
218.615873015873
219.26603174603176
219.89297052154194
220.45024943310656
220.9146485260771
221.07718820861678
221.5415873015873
221.79700680272109
222.4239455782313
223.65460317460318
224.95492063492063
225.65151927437643
226.2784580498866
226.83573696145126
227.55555555555554
228.1128344671202
228.71655328798187
229.3667120181406
229.71501133786848
229.9936507936508
230.55092970521542
231.01532879818595
231.17786848072564
231.64226757369613
231.89768707482995
232.2227664399093
232.52462585034013
233.15156462585034
233.755283446712
234.42866213151927
235.0556009070295
235.58965986394557
236.07727891156463
236.21659863945578
236.70421768707482
236.9596371882086
237.49369614512472
237.6562358276644
238.21351473922903
238.8172335600907
239.49061224489796
239.81569160997734
240.09433106575963
240.65160997732426
241.13922902494332
241.27854875283447
241.7661678004535
241.99836734693878